# Created by Octave 5.2.0, Tue May 31 10:13:16 2022 GMT <unknown@DESTROYER>
# name: center_optim
# type: scalar
1


# name: param_list
# type: matrix
# rows: 45
# columns: 28
 407.92241223315278 409.06844462626719 411.01510060652254 413.24233430545905 415.3038087894052 416.96822219193336 418.19491705618697 419.0404778561134 419.59181873217716 419.93394358670201 420.1364690006954 420.25099104136012 420.31305681536043 420.34544626202688 420.36178226028528 420.36976028832669 420.37353643897387 420.37527023503588 420.37604344098406 420.37637890935372 420.37652077353465 420.37657935990455 420.37660303269058 420.3766124087656 420.37661605507316 420.3766174496356 420.37661797493877 420.37661817008745
 407.92241223315278 408.77483567755729 410.21403383106127 411.84257250576565 413.33095333726288 414.52233757950921 415.40152773761059 416.01579043554011 416.42569274647758 416.687070307422 416.8458246783473 416.93748620748681 416.98792169276771 417.01450987671484 417.02800423282338 417.03461815329518 417.03775458426759 417.03919598930418 417.03983906770327 417.04011812613766 417.04023614318913 417.04028488239521 417.04030457641272 417.04031237663355 417.04031541010073 417.04031657027735 417.04031700729183 417.04031716964147
 319.5 318.53732752384161 316.87177792008788 314.90311894354846 313.02607160350152 311.51692876486163 310.48406289584733 309.88694130914149 309.60278157583161 309.49946426277592 309.47929432465452 309.48724831364109 309.49945817127315 309.50864791758198 309.51416442488596 309.51710099110807 309.51854986215034 309.51922784570326 309.51953266608325 309.51966534719327 309.51972152375464 309.51974473305802 309.51975411245905 309.51975782751703 309.51975927230438 309.51975982487625 309.51976003302025 309.5197601103452
 239.5 238.05505984545024 235.57584997095654 232.68038313354538 229.91954878393759 227.61184269588179 225.85281472128023 224.60526759831322 223.77347568818158 223.24834976461895 222.9329525878631 222.75216438117613 222.65292854161589 222.60057747300041 222.57395912378925 222.56088979473097 222.55468409958556 222.55182984996014 222.55055585943171 222.55000289498645 222.54976901482925 222.5496724214936 222.54963339036354 222.54961793117479 222.54961191915592 222.54960961980703 222.54960875368684 222.54960843192529
 0 0 0 0 0 0 0 0 0 0 0 0 0 0 0 0 0 0 0 0 0 0 0 0 0 0 0 0
 0 0.0065790505520287486 0.018643357355275496 0.034653630709890457 0.052657666118090807 0.070361476764844638 0.085632079381361234 0.097225264478243284 0.10506893103735021 0.10990052724571742 0.11267924945386487 0.11420422351573559 0.1150137329365859 0.11543153855272582 0.11564125014322228 0.11574349061217123 0.11579186230642063 0.1158140722972056 0.11582397821621247 0.11582827646812149 0.11583009423132393 0.11583084494317729 0.11583114828438913 0.11583126842924077 0.11583131515307921 0.11583133302299536 0.11583133975425254 0.11583134225489125
 0 -0.0054773327725852255 -0.019824492120944826 -0.050374535947277838 -0.10271727751600641 -0.17355465285444072 -0.24999816144732392 -0.31754034459682995 -0.36815191247215973 -0.40158675950302364 -0.4217869787714088 -0.43327051667656513 -0.43951876356222291 -0.44279690490887763 -0.44445903346305399 -0.44527404522622938 -0.44566080897684324 -0.44583865355368424 -0.44591802662065089 -0.44595247658384018 -0.44596704725098379 -0.44597306496125888 -0.44597549657460461 -0.44597645967099153 -0.44597683421555606 -0.44597697746323617 -0.44597703142191292 -0.44597705146735661
 0 -0.00022303151918054751 -0.00068024050385958289 -0.0013780870740242633 -0.0022459689266445589 -0.0031443471735761006 -0.0039375139553515957 -0.0045518662087010971 -0.0049816713127531498 -0.0052602999805080528 -0.0054305598477698948 -0.0055295281752232306 -0.0055845259934929788 -0.0056138417795398672 -0.0056288658763764881 -0.0056362826956581746 -0.0056398163306016109 -0.0056414447076135448 -0.0056421722538597553 -0.0056424881881437438 -0.0056426218423221491 -0.0056426770465529416 -0.0056426993539913876 -0.0056427081894662679 -0.005642711625560042 -0.0056427129397250723 -0.0056427134347457886 -0.0056427136186448495
 0 -0.00038972624705617154 -0.0011115365349043658 -0.0020660329691102363 -0.003091560529309781 -0.0039992952752512089 -0.0046558726126168758 -0.0050369341897021644 -0.0052055134131262339 -0.0052509971710042805 -0.0052439190315960484 -0.0052236773550682408 -0.0052060294632582278 -0.005194419178083832 -0.0051878059836645571 -0.0051843659346187945 -0.0051826859756618016 -0.0051819032975494329 -0.0051815520232410947 -0.0051813992203444403 -0.0051813345381984139 -0.0051813078165213492 -0.005181297017866896 -0.0051812927406759603 -0.0051812910772761076 -0.0051812904410928739 -0.0051812902014547026 -0.0051812901124296132
 0 0 0 0 0 0 0 0 0 0 0 0 0 0 0 0 0 0 0 0 0 0 0 0 0 0 0 0
 0 0 0 0 0 0 0 0 0 0 0 0 0 0 0 0 0 0 0 0 0 0 0 0 0 0 0 0
 0 0 0 0 0 0 0 0 0 0 0 0 0 0 0 0 0 0 0 0 0 0 0 0 0 0 0 0
 0 0 0 0 0 0 0 0 0 0 0 0 0 0 0 0 0 0 0 0 0 0 0 0 0 0 0 0
 0 0 0 0 0 0 0 0 0 0 0 0 0 0 0 0 0 0 0 0 0 0 0 0 0 0 0 0
 0 0 0 0 0 0 0 0 0 0 0 0 0 0 0 0 0 0 0 0 0 0 0 0 0 0 0 0
 1.868261291981941 1.8678393701694651 1.8671180077743763 1.866273321239776 1.8654441295592035 1.8646976939916902 1.8640569203607045 1.8635322460486505 1.8631278511101428 1.8628373441743178 1.8626436208101194 1.8625235091068404 1.8624538367983123 1.8624157183059578 1.8623958967862899 1.862386038636465 1.8623813255232851 1.8623791504130054 1.8623781780428985 1.862377755713978 1.8623775770401243 1.8623775032400747 1.8623774734182035 1.8623774616064326 1.8623774570128666 1.8623774552560157 1.8623774545942442 1.862377454348398
 2.2636963968829233 2.2638306716928152 2.2640495280943025 2.2642761724865785 2.2644066987080094 2.2643398912979236 2.2640441727567153 2.263585896534853 2.2630826773032777 2.2626362972885987 2.2622979496879831 2.2620712249468107 2.2619334835146958 2.2618560951680045 2.2618152684005133 2.2617948142553992 2.2617850016858818 2.2617804664821453 2.2617784378693297 2.2617775565995566 2.261777183737026 2.2617770297254531 2.2617769674905328 2.261776942840644 2.2617769332543629 2.2617769295880037 2.2617769282069564 2.261776927693901
 -0.52495526777513979 -0.52968764528885504 -0.53777737493141176 -0.54722529659136721 -0.55620392016447151 -0.56356715919024369 -0.568926312957443 -0.57244439894575194 -0.57455753197665893 -0.575739228590188 -0.57636634273322573 -0.57668782356836745 -0.57684922695195351 -0.57692917772909369 -0.57696826258777678 -0.5769870386198459 -0.57699585758468863 -0.57699989391715389 -0.57700169189142592 -0.57700247169133301 -0.57700280142551463 -0.57700293759517096 -0.57700299261672228 -0.57700301440911828 -0.57700302288407712 -0.57700302612539789 -0.57700302734633924 -0.5770030277999153
 -75.174299128308078 -74.075612159574376 -72.174941481834111 -69.927648243693795 -67.783986114097388 -66.060200668139245 -64.880979561103587 -64.20023873328887 -63.877344142482734 -63.760916035332826 -63.73910544952804 -63.749020755532818 -63.763473418879151 -63.774255289911736 -63.780707056152785 -63.784136857408633 -63.785828084027557 -63.78661927515838 -63.786974957256234 -63.787129771375625 -63.787195318092273 -63.787222398556949 -63.787233342368431 -63.787237677067566 -63.787239362833446 -63.787240007569743 -63.787240250430415 -63.787240340652517
 -130.64418961781797 -129.07291102482543 -126.37023163245681 -123.20034975954226 -120.16204245550529 -117.60861987994075 -115.65249976355693 -114.2590971515987 -113.32658657511551 -112.73600453509796 -112.3803541685734 -112.17606007053637 -112.06374102434056 -112.00442005879282 -111.97423494400489 -111.95940750774989 -111.95236517173286 -111.94912567499716 -111.94767963458311 -111.94705197490293 -111.94678649864794 -111.94667685550262 -111.94663255117403 -111.94661500340263 -111.94660817914094 -111.94660556914258 -111.94660458600677 -111.94660422077423
